0.000000000000000000e+00
-1.005246424239143593e-01
-3.994434103273817871e-01
-8.409433164639742442e-01
-1.021355449923434522e+00
-1.032174849259984040e+00
-1.010303986182432556e+00
-9.640498012627757296e-01
-8.844796097307257021e-01
-7.873905217315420035e-01
-7.098961765690686709e-01
-6.409494215329051281e-01
-6.220680646648404366e-01
-7.006861804532488192e-01
-7.936128742666290758e-01
-8.243215720016001669e-01
-8.431163211178459571e-01
-7.522211849356099655e-01
-6.991539257621062209e-01
-7.761185747832565207e-01
-8.619637748731089344e-01
-9.167050694335058258e-01
-8.965932504584639418e-01
-9.226850844202209023e-01
-9.410682143949322676e-01
-9.413689939614079405e-01
-9.550919986418726637e-01
-9.787688678757208161e-01
-9.831174380274345648e-01
-9.209181747773991233e-01
-8.773659102555430023e-01
-8.767573618577072514e-01
-8.221721565468100845e-01
-8.298558253094218129e-01
-8.660986551498600639e-01
-8.765626309967072816e-01
-8.553687830650283930e-01
-8.682309231389714332e-01
-8.150200624264085647e-01
-7.615970642548735015e-01
-7.202411888677888729e-01
-6.652818446281206777e-01
-6.223536715217288240e-01
-6.359753030483510372e-01
-7.159001069478052592e-01
-7.697223839018281222e-01
-8.302642412683745032e-01
-8.773090785274566539e-01
-8.622139031614249882e-01
-8.612921302619880315e-01
-8.176450529669275769e-01
-7.626915543602744707e-01
-7.274433765815474517e-01
-6.772999253656831753e-01
-6.640539691805102951e-01
-6.664071808900680072e-01
-6.893564816711194032e-01
-7.436614735172090151e-01
-7.490378454657542484e-01
-6.614438522216793404e-01
-6.213194334917030437e-01
-5.947769775291649186e-01
-5.993751011109503812e-01
-6.646159854444970705e-01
-7.896830312072613545e-01
-8.389294051287896625e-01
-8.517452590169690696e-01
-8.904385387064615021e-01
-9.770702211615257538e-01
-9.799357190138576756e-01
-1.006019511583380988e+00
-1.035430721159929179e+00
-1.036426110122036892e+00
-9.838578183714965508e-01
-9.129896701604351961e-01
-8.323063337234107850e-01
-7.514176101358613913e-01
-7.201285123937880561e-01
-6.567475479556323936e-01
-6.535755656684738568e-01
-6.431020730927836659e-01
-6.725404872809034318e-01
-7.305483739585260095e-01
-7.756164285319813168e-01
-7.981802168355374150e-01
-8.198476617568838387e-01
-8.690952029169513038e-01
-8.761756294159245284e-01
-8.396388447367179042e-01
-8.330909635788793510e-01
-8.776332135586415450e-01
-9.168864877584137485e-01
-9.404767058396966695e-01
-9.609786614151600848e-01
-9.711106079512878964e-01
-9.852915579983748673e-01
-9.501845514931660519e-01
-9.486698704918741232e-01
-9.287563482792331460e-01
-8.816678975529429474e-01
-8.324018066874849797e-01
-7.638975310790736550e-01
-7.005526545582768660e-01
-6.222925329078097256e-01
-5.930578480309950384e-01
-6.284949102571072421e-01
-5.875631847740883096e-01
-5.673466309118271322e-01
-6.120776926543655128e-01
-6.364468468622587194e-01
-6.818761902547400000e-01
-7.259263873301589065e-01
-7.247001920805938857e-01
-7.291127065669308349e-01
-7.165805933253250881e-01
-7.604858751476414325e-01
-7.717480177640498873e-01
-7.208668779481219868e-01
-6.733866313175497220e-01
-6.249378219786132505e-01
-5.265638650600127368e-01
-4.363552109586396610e-01
-4.655739490653345580e-01
-5.330439864608713663e-01
-6.141896345906028287e-01
-5.968837789196310695e-01
-5.400514965077040097e-01
-4.778641225956222760e-01
-3.870583256576153874e-01
-2.868974563314211634e-01
-1.980471090872470141e-01
-2.293465672482041251e-01
-4.377336218249004429e-01
-6.822009222322752420e-01
-8.852933678332793876e-01
-9.372932818557135892e-01
-9.157766925684848180e-01
-8.758465702659383734e-01
-8.160782656286982295e-01
-8.081957718920800282e-01
-7.754141197294895926e-01
-7.603659052945938024e-01
-7.906489647899027640e-01
-8.309492499226807105e-01
-8.725405502436704985e-01
-8.699339441467912604e-01
-8.810230651170311011e-01
-8.128765708979268645e-01
-7.442816368582730879e-01
-7.227291147675324323e-01
-7.436899892491141140e-01
-8.094135952823537927e-01
-7.959930259152767640e-01
-7.848899174267940371e-01
-7.185410483661484049e-01
-7.272883770718115981e-01
-7.491558812723768668e-01
-7.267565850863795252e-01
-7.422687524953512916e-01
-7.268608580473244762e-01
-6.769218984841834930e-01
-6.213187549359248107e-01
-5.290317405013403862e-01
-2.924118510837959706e-01
2.739294782751320878e-01
9.981064573243592086e-01
1.096249501872763599e+00
1.031236768801865988e+00
9.396338676105294718e-01
8.725087286374989537e-01
7.268141605640139336e-01
5.091487709254532978e-01
1.935630906982165611e-01
-4.041790690089793192e-01
-9.950910361007491156e-01
-1.111454963167553434e+00
-1.092147596121442188e+00
-1.071649710066459260e+00
-1.072628889135431862e+00
-1.098345765526222095e+00
-1.064132768674263430e+00
-1.071030112317897132e+00
-1.040496448984054023e+00
-1.017219235105300879e+00
-9.682648673079936597e-01
-8.649010517184150260e-01
-7.595455609485519677e-01
-6.439150577214135529e-01
-5.494661263529933004e-01
-4.100503042635764150e-01
-2.990853396385673157e-01
-1.499459297441017580e-01
-4.711776587116895017e-04
1.965142125044644361e-01
4.732195158132372903e-01
7.502199796475739202e-01
8.022925709328201371e-01
6.720139735630115130e-01
4.379519583931047455e-01
1.359669612189198518e-01
-4.913296729241825034e-01
-1.093578954247614421e+00
-1.169802456328642659e+00
-1.138515337321876375e+00
-1.094351035700507513e+00
-1.068399264093321088e+00
-1.012023107429354862e+00
-1.006287941334731428e+00
-1.017746442513981275e+00
-9.807576940679431088e-01
-9.361383456886339660e-01
-9.527513364789470529e-01
-9.274883308835359941e-01
-9.040266430462822189e-01
-9.510481440890069527e-01
-9.068188403920920404e-01
-8.762214472461958836e-01
-9.038731637814347852e-01
-9.364595754607465405e-01
-9.267716558476570832e-01
-9.142881598299920087e-01
-9.541300838981546795e-01
-9.219331916107812441e-01
-9.081100886604114297e-01
-8.832657459289849911e-01
-8.899356130966412648e-01
-8.579848008668756743e-01
-8.655413755578823531e-01
-9.000255319153773748e-01
-9.184090351060013591e-01
-8.930771944912626603e-01
-8.372228362035996074e-01
-8.069543335617019864e-01
-7.815086365194293672e-01
-7.615354849706026386e-01
-8.099786053043658285e-01
-8.347388171827689884e-01
-9.045353526935938637e-01
-9.624444568704784153e-01
-9.900675861147948398e-01
-1.017239930343554866e+00
-1.054906442177119263e+00
-1.054074126188154104e+00
-1.016837323349090161e+00
-9.864507940077957837e-01
-9.376695264206024172e-01
-9.470612350387548339e-01
-9.116320607905211704e-01
-8.641355975580360393e-01
-7.773515815004620189e-01
-7.196701510332594864e-01
-6.767086768807942798e-01
-6.069615879235464861e-01
-5.412200552101488205e-01
-3.473483964884799269e-01
2.141317831580316980e-02
6.567071286098152827e-01
1.060934753311026935e+00
1.071086506000874516e+00
1.020213705549177119e+00
9.385877506140208881e-01
8.439739638564309754e-01
7.383890229755216694e-01
6.347245492345616746e-01
4.902959611693329389e-01
1.641269153687785753e-01
-4.847069171885892147e-01
-1.110666069465658934e+00
-1.217426369415227416e+00
-1.187738382521529301e+00
-1.175299827749004988e+00
-1.135825681288918698e+00
-1.123881182352469699e+00
-1.100777221102582804e+00
-1.117950435885988858e+00
-1.069088883952593605e+00
-1.032746095916591056e+00
-1.036952187417553350e+00
-9.942851279763742500e-01
-9.843802527411240622e-01
-9.487440129298873037e-01
-9.422441378593668926e-01
-9.673243345084893141e-01
-9.470489285567448290e-01
-9.169228373530629028e-01
-8.586720203322094624e-01
-8.202022947590709157e-01
-8.421584111233910708e-01
-7.823044248602141204e-01
-7.071142040410246521e-01
-7.016375295382827337e-01
-7.378086011345770245e-01
-8.334459653332785267e-01
-8.414887616725280628e-01
-8.070076386418306713e-01
-7.539753160853925884e-01
-7.784797907905618430e-01
-8.264754156280336161e-01
-8.605523237892708233e-01
-9.003875658441783392e-01
-9.494238493982556371e-01
-9.604516569025541850e-01
-9.127296486304254941e-01
-9.099722349938194066e-01
-8.477513045863506180e-01
-8.239558188453968146e-01
-7.926220842315020443e-01
-7.908904001029912756e-01
-7.471430649288698378e-01
-7.296497957023421188e-01
-7.056802061626962219e-01
-6.867930943634470431e-01
-6.913699990423397557e-01
-6.303398571912891546e-01
-5.283664310836367894e-01
-4.028547761304635544e-01
-2.013201760312186561e-01
1.500958730659983920e-01
6.460745794334566972e-01
9.330048147592507890e-01
9.093795304763259146e-01
8.306786273940031107e-01
7.712680090161249113e-01
6.954825902637440382e-01
5.361524794155829721e-01
2.368894175232192922e-01
-4.331282173281651993e-01
-1.138237696998109838e+00
-1.210878686068271648e+00
-1.173173275234455470e+00
-1.164322468879656292e+00
-1.134334426888052416e+00
-1.110940333859792739e+00
-1.079815488493170328e+00
-1.059273692635120057e+00
-1.121047657243913420e+00
-1.112068571677216067e+00
-1.092109315565538585e+00
-1.053354592874220286e+00
-1.021873575657014532e+00
-1.003133383672210277e+00
-9.514799489916617725e-01
-8.933177195007241389e-01
-8.910497060154604076e-01
-8.641589251267157712e-01
-8.655321615791671253e-01
-8.642091921844387015e-01
-8.453793189615474990e-01
-8.355880359331628870e-01
-8.206555045713079810e-01
-8.218092570669712771e-01
-8.677525339813882965e-01
-9.021500404647517790e-01
-8.704000356691492524e-01
-8.572314821162665410e-01
-8.314536046359303212e-01
-8.198999741520719420e-01
-8.129261941628639354e-01
-8.067293609787824504e-01
-7.971747919926653880e-01
-8.489458405094653104e-01
-9.273404343911114678e-01
-9.437212045563051488e-01
-9.205687949174220508e-01
-8.243320990824059002e-01
-7.269947110920869093e-01
-6.920508960543596544e-01
-7.289478316568718252e-01
-7.006909718031572032e-01
-6.408441559666376852e-01
-6.157547805081478032e-01
-7.212187031957555394e-01
-8.236013590614552626e-01
-8.390598540497770097e-01
-7.477953256437815943e-01
-7.251443908005857919e-01
-8.158285282920899606e-01
-8.672727876790443657e-01
-9.194064976435732950e-01
-9.593413701301890528e-01
-9.704595463110896603e-01
-9.745616542881544442e-01
-9.489866664827276699e-01
-9.439193030406012319e-01
-8.688451555543580396e-01
-8.673122697741665332e-01
-8.647444982959534565e-01
-8.168613770387719297e-01
-7.595446136119743397e-01
-6.498693882493906671e-01
-5.182091083464114289e-01
-4.079847828604180604e-01
-3.336236747128401015e-01
-2.842017725294089248e-01
-2.786608006588517927e-01
-1.101542032847188518e-01
1.593241850547448824e-01
5.332590097868602497e-01
9.474625442451553026e-01
9.804659182638447712e-01
8.756527344386330070e-01
6.880394431150052004e-01
4.518171839786535027e-01
-2.892799254095675815e-02
-9.200464270096143649e-01
-1.270460370759171953e+00
-1.231362637176919073e+00
-1.231521335492566038e+00
-1.181617278385364456e+00
-1.114688733516849162e+00
-1.086645224945938848e+00
-1.014443778551580078e+00
-9.588692410799986021e-01
-9.252684487362335952e-01
-8.867586721857961818e-01
-8.459420476556539503e-01
-8.757899835750591055e-01
-8.811188485261449710e-01
-8.350643597454036060e-01
-8.359479986201533430e-01
-8.300787587047270266e-01
-7.415353762054338604e-01
-7.347087199434743088e-01
-7.783510027388569341e-01
-7.781984769351649733e-01
-7.699414303607131638e-01
-7.076157669385642057e-01
-6.421809809760397059e-01
-6.422925629527461711e-01
-6.116697169075006046e-01
-5.924665651480905959e-01
-6.133761929237762089e-01
-6.489628854560395288e-01
-6.786258698173580628e-01
-6.537572223666527904e-01
-5.959354719358402885e-01
-5.216625028281982601e-01
-5.411611355114166466e-01
-5.733038551177888076e-01
-5.738564937022090362e-01
-5.133243819483325199e-01
-4.872308159030733776e-01
-5.472222128551093023e-01
-5.579872341542516656e-01
-6.491277652779866569e-01
-7.904202818969404687e-01
-8.428960137067851299e-01
-8.556115468682935488e-01
-8.688704234523039194e-01
-8.373170308896981107e-01
-8.078834731278535797e-01
-7.469847610514189773e-01
-6.817629125240993737e-01
-6.024056786913344341e-01
-5.124251577189968820e-01
-4.469966567575620053e-01
-3.589775886620908962e-01
-2.995744812613492791e-01
-3.195629180313633300e-01
-4.241584033330705883e-01
-6.646666209103720968e-01
-8.583302617362508213e-01
-9.031054971238917650e-01
-9.176539898772331227e-01
-8.740066560624339953e-01
-7.333699032011847807e-01
-5.223837738053350721e-01
-3.195680413809416920e-01
-2.102541861163952641e-01
-7.804239729800899195e-02
1.142980075167661785e-01
4.853815736233701439e-01
8.594114172797215900e-01
9.460725654611010782e-01
9.241568730275885324e-01
9.041090851366261338e-01
7.948038427970295361e-01
6.327442844469045591e-01
4.172218418275618346e-01
2.436799225835458160e-01
-1.150894597630333499e-01
-6.832118029364583345e-01
-1.013917500839540020e+00
-1.074224244838767994e+00
-1.061594099168841510e+00
-1.006380026463316479e+00
-9.264766803961338448e-01
-8.737272542248258889e-01
-8.890294404761296398e-01
-8.673155778760820445e-01
-8.350906035770823133e-01
-7.824166539905058615e-01
-7.733708552525923041e-01
-7.615124504875805389e-01
-7.641107835816249860e-01
-7.704720989081031979e-01
-7.466503927192558177e-01
-7.270542075523293013e-01
-7.213029198520790608e-01
-7.000719903202951011e-01
-6.081559173293445975e-01
-5.093705765055001056e-01
-5.065322043728912593e-01
-6.684390789774179442e-01
-8.363579714738794690e-01
-8.816752241909648902e-01
-8.691015805819911622e-01
-9.107950939339422014e-01
-9.576457069611163941e-01
-9.971438999497438394e-01
-9.659352073899442059e-01
-9.412166934649243144e-01
-9.191603602880326074e-01
-9.097056157986100899e-01
-9.587396301400870069e-01
-1.001472303416983012e+00
-1.018749925402164358e+00
-9.779312141755414078e-01
-9.607354257745560622e-01
-9.758188563603700239e-01
-9.671084753823786517e-01
-9.667219576080136045e-01
-8.911060130477912455e-01
-8.165151913427870500e-01
-8.467905916889798545e-01
-8.385929840516266331e-01
-8.523262700098559463e-01
-8.352476693660582097e-01
-7.955252156041572320e-01
-7.436379739901364250e-01
-6.340044586406784477e-01
-4.933783688677214618e-01
-2.946532795725050335e-01
2.325586090661363979e-03
4.133802246966283844e-01
8.705732883853698478e-01
9.582639575941694909e-01
9.394773750740422757e-01
9.089493271912482131e-01
8.569422748158205261e-01
7.839424532601456663e-01
6.567603802764757637e-01
4.284623504033086561e-01
-6.780992754563607006e-02
-9.983870370055988319e-01
-1.248109283615961296e+00
-1.212090983724186000e+00
-1.180676099672642643e+00
-1.182225662063617788e+00
-1.191159639643984525e+00
-1.102680482897983927e+00
-1.011726472137298494e+00
-9.514131316352986145e-01
-9.205919778378444107e-01
-9.021189479845164172e-01
-8.640909266674844380e-01
-8.176789472623692268e-01
-7.409099673120344010e-01
-6.591072377788966818e-01
-6.822512861239772297e-01
-7.501249435705332758e-01
-8.090403121339166947e-01
-8.444399503663402307e-01
-8.068933135150789804e-01
-8.269819962334842289e-01
-8.224731527817157328e-01
-7.804259166563202177e-01
-6.781845981966988512e-01
-5.795206540247842542e-01
-5.280364737553173704e-01
-5.346435251780329301e-01
-5.818562172436159141e-01
-5.988983104364904442e-01
-6.082483614873757105e-01
-6.490895440658130955e-01
-7.051791099326896184e-01
-7.811460443125551878e-01
-7.725092639912668480e-01
-7.706732665026354567e-01
-7.769107041246747780e-01
-7.515726405405495081e-01
-7.314071570831471858e-01
-7.810309798198153963e-01
-7.975445103848249895e-01
-8.142623578740069146e-01
-7.761407289018763533e-01
-7.569302838122949906e-01
-7.754587819081544264e-01
-8.046829732134569424e-01
-7.994237133432963160e-01
-7.395491903570534653e-01
-6.983190096029456839e-01
-6.835159986763161832e-01
-7.063216410388090116e-01
-8.147210989187111396e-01
-8.957580874705216578e-01
-8.667382381284177706e-01
-8.399053878420552621e-01
-8.635338208792743275e-01
-8.404892049979548752e-01
-8.290181421609613688e-01
-8.831308930328944928e-01
-8.964936082711999488e-01
-8.311055736530794658e-01
-8.399998372383250533e-01
-8.244807005449951154e-01
-8.038940718817694231e-01
-8.201880701933305096e-01
-8.887857128549714325e-01
-9.043438586261498546e-01
-8.888769585679303642e-01
-8.740972367039564483e-01
-8.539447453808653998e-01
-8.238026328688397015e-01
-8.120672547447080891e-01
-8.162930410329501951e-01
-7.730588048358409958e-01
-7.581340178777857819e-01
-7.735773710035509509e-01
-7.930705186204141111e-01
-7.904181150539564271e-01
-8.006520755961404889e-01
-8.024095058483056153e-01
-8.359943655990667022e-01
-8.402665886402849171e-01
-8.176633575476263127e-01
-7.915338078913920494e-01
-8.016410099599360350e-01
-8.087534838463024123e-01
-8.368686560392352147e-01
-8.666321826286518260e-01
-9.116440138070042165e-01
-9.609785449727424878e-01
-8.993099418047090232e-01
-8.798433899158422111e-01
-9.192046173133002762e-01
-9.572049953132779621e-01
-9.487343243367446499e-01
-9.457798438412400310e-01
-8.956239087177075842e-01
-8.365400530181614780e-01
-8.191954163779251452e-01
-8.398433882558529184e-01
-8.704657898877283806e-01
-8.593997023928700019e-01
-8.657098317819268418e-01
-8.425559800356436924e-01
-7.542509960136775105e-01
-7.258062723930646110e-01
-6.732745800257411428e-01
-5.762303311066522271e-01
-4.854011520137209157e-01
-4.617457282897136639e-01
-5.388906659904723062e-01
-6.671821146763553534e-01
-7.726388608865767393e-01
-8.049619975082994427e-01
-8.407155814982510966e-01
-8.362387299429621113e-01
-8.495612899769473536e-01
-8.366489392452206575e-01
-7.907764050621737262e-01
-7.843684481862017721e-01
-7.375860364075395026e-01
-6.684846052787158932e-01
-5.845500506932203022e-01
-4.518262496731303979e-01
-2.487523008184526208e-01
5.877907659329413559e-02
5.460801336277770757e-01
9.873580932671278676e-01
1.001007000697826888e+00
9.075583722543280052e-01
7.956511928092332431e-01
7.224716556562945646e-01
5.896334231155574424e-01
3.539445316674573738e-01
-1.842410079827883906e-01
-9.833964228283189613e-01
-1.199426251925443498e+00
-1.155802733213674882e+00
-1.163936260538948941e+00
-1.109053889028331907e+00
-1.052733909079398344e+00
-1.003915883353017069e+00
-9.721504849203759235e-01
-9.440254692235076073e-01
-9.448307924865007035e-01
-9.246520325559116626e-01
-7.932405024054901554e-01
-6.840250572767679893e-01
-5.530742610610418497e-01
-4.223489950229005196e-01
-2.162199008689324464e-01
8.068316198597577649e-02
5.183580380441686897e-01
9.312447595306466708e-01
1.000153368087709937e+00
9.075971731840772883e-01
7.337560027315034317e-01
5.541374053302975389e-01
2.372223661545278250e-01
-4.432605298843343977e-01
-1.188434888333103290e+00
-1.278730895147618174e+00
-1.242943136232572021e+00
-1.182146991725890883e+00
-1.128345557638926078e+00
-1.061270699314343036e+00
-1.003905546136977245e+00
-9.394047126960343164e-01
-9.224976691883938207e-01
-8.695407770720204876e-01
-8.482306950617776176e-01
-8.123575873177381057e-01
-7.981528616989576053e-01
-7.980788456418698162e-01
-7.686964916740623988e-01
-7.339238158089620434e-01
-7.469749323252881101e-01
-7.848957308864641380e-01
-8.577748963662963355e-01
-8.944518654226091270e-01
-9.297735934029530691e-01
-8.616649218144903921e-01
-8.680054253169801060e-01
-8.561342480022383628e-01
-8.070371676256472560e-01
-7.675010324756544877e-01
-7.715514727534151795e-01
-7.930721043682678051e-01
-7.863282571076108951e-01
-7.770500616376528891e-01
-7.543334188248603800e-01
-6.790340324198422817e-01
-6.402579532865975143e-01
-6.640909685391271911e-01
-6.855329504592737599e-01
-7.220906538983923317e-01
-7.766607243001186767e-01
-8.901024268424904129e-01
-9.739132962610231870e-01
-9.720110384075696386e-01
-9.535921835149306913e-01
-9.497912504806993450e-01
-9.347103223387532855e-01
-9.326320372232294043e-01
-9.217649601215629485e-01
-9.520402535641928621e-01
-9.549008018571527590e-01
-9.419392790889989930e-01
-9.079957560464577693e-01
-8.946886010999505201e-01
-9.153844681400806760e-01
-9.564183563684318656e-01
-9.118849318399775417e-01
-9.027697914639759569e-01
-8.887833339715616177e-01
-8.921669024390376235e-01
-9.022573491846839211e-01
-9.296145289704630388e-01
-9.197491406126253599e-01
-8.885034866317430557e-01
-8.198083859390794537e-01
-7.622866484074157789e-01
-6.933651681100958530e-01
-6.443166327466901544e-01
-5.823264576545039706e-01
-5.444437154037917725e-01
-5.714190977821032025e-01
-6.567012600626267460e-01
-7.806251613573435000e-01
-8.884471066092654024e-01
-8.827736266382244512e-01
-8.383372155371308088e-01
-7.623400365415176072e-01
-6.660885342907924000e-01
-5.322618158442737890e-01
-4.955919826070928624e-01
-5.382432440649977945e-01
-6.237961609642662664e-01
-7.010668845514665959e-01
-7.146346690370752874e-01
-7.556760397395974049e-01
-8.024696021136999979e-01
-8.470640678294457659e-01
-8.523841178041938749e-01
-7.934909374859397957e-01
-7.774435720224001090e-01
-7.880314616292868335e-01
-7.798376166715659252e-01
-7.432982137233572484e-01
-6.711856466358057105e-01
-6.121282032596333522e-01
-5.379669214675353306e-01
-5.227694243943129537e-01
-6.007026113363267417e-01
-7.175517313903848615e-01
-8.581095909193644511e-01
-9.126449461137806640e-01
-9.166748965834606855e-01
-9.387076115105803531e-01
-9.014714598533394296e-01
-9.092568062202972534e-01
-9.237751465652560556e-01
-9.263502434755173098e-01
-9.279712771076896738e-01
-9.309918706977595715e-01
-9.136698714418977074e-01
-8.994285795299303832e-01
-9.321693796441885560e-01
-9.118383027675313057e-01
-8.397394895745742271e-01
-8.179463669322876163e-01
-7.767968351108281988e-01
-6.818660324587326738e-01
-5.747043767298656292e-01
-4.862070033053462748e-01
-3.908283953870166916e-01
-2.502390474284101884e-01
4.426985083019010364e-02
5.465420627648713836e-01
9.961193491144209045e-01
1.069396766661103282e+00
1.055314444163567345e+00
9.898759167823195648e-01
9.634687057001756205e-01
8.799601353872631426e-01
7.863647222406575654e-01
6.189792174905796029e-01
2.421932411561642795e-01
-6.130748400935651654e-01
-1.248933306541226695e+00
-1.270709678915658447e+00
-1.217697819604768528e+00
-1.175370801898425688e+00
-1.096572168046479501e+00
-1.052992251522945288e+00
-1.000255483225741759e+00
-9.632299705686064861e-01
-9.781478908008977013e-01
-9.643264561240908472e-01
-9.993671792606780846e-01
-9.546937584110911645e-01
-9.169602813822778087e-01
-9.228640714592059036e-01
-9.215794571549805747e-01
-9.207004000574181557e-01
-9.437636516961271926e-01
-9.201223857912160797e-01
-9.110186036894842854e-01
-9.147840846401604775e-01
-8.875279280089876099e-01
-8.862825669868282796e-01
-8.920485165255404025e-01
-8.561441924581164598e-01
-8.741168342950182968e-01
-9.096022019562481908e-01
-9.041156240474252925e-01
-8.883604210261032419e-01
-8.624660835658037872e-01
-7.906961903567895078e-01
-7.534261686810143077e-01
-7.340892147097897169e-01
-7.174829081891686000e-01
-7.225351047016834727e-01
-6.476821068402709436e-01
-5.736182290210860568e-01
-4.204155373733091672e-01
-9.579225820214491705e-02
4.048567774561882548e-01
8.841089260226729918e-01
1.054828249844051991e+00
1.043484227988417112e+00
9.986441161247939791e-01
9.777328257624737784e-01
9.175117885242042304e-01
7.718827740004201576e-01
6.068392534519327919e-01
4.178014324457677842e-01
7.074643525901083696e-02
-6.246414802804484134e-01
-1.034938803781181749e+00
-1.110004921361894548e+00
-1.104392629980279095e+00
-1.066242052894030845e+00
-1.062426285347766841e+00
-1.056805547709107396e+00
-1.023938875778911628e+00
-9.840828528724360202e-01
-9.162632385588478368e-01
-8.804477644902386491e-01
-8.309351072798384363e-01
-7.825251111816521332e-01
-6.979232359454075052e-01
-6.460690726350974966e-01
-7.153720647117195464e-01
-8.349584059672157110e-01
-8.040082226460322223e-01
-8.138809943897613586e-01
-8.818556827805840159e-01
-8.855943595611329711e-01
-8.603202362584849716e-01
-8.192943768259921544e-01
-8.204381776433292695e-01
-8.024508324259941316e-01
-7.673468416187709806e-01
-7.991277559388869633e-01
-8.442211329672335562e-01
-9.378416245787144501e-01
-9.931880973274189728e-01
-1.000948787943580331e+00
-9.733173190209052361e-01
-9.488536629689058310e-01
-9.201336872561464153e-01
-8.726631855843578478e-01
-8.166069065379343295e-01
-7.676643610720994548e-01
-7.227913551018971816e-01
-7.754412174349336606e-01
-8.227110598896386628e-01
-8.763500496363048065e-01
-8.790427536298774935e-01
-8.399367204225897110e-01
-7.404453849847344449e-01
-7.000488799466441092e-01
-7.232817979846046796e-01
-7.844977071654980483e-01
-8.287022640086462166e-01
-8.354168865640390074e-01
-8.389338413132395589e-01
-8.664395136138973719e-01
-8.611136899545716039e-01
-8.372618241788066795e-01
-8.385523406701214100e-01
-8.451721786709970319e-01
-8.082107213561517955e-01
-7.969144529319476256e-01
-7.500766088324853920e-01
-7.514007534122968401e-01
-7.558886444497135981e-01
-7.351678994243525667e-01
-7.002349706750156111e-01
-6.419016126761425411e-01
-6.219085993237097876e-01
-5.681727410745046614e-01
-5.190297117377788982e-01
-4.314658401121155840e-01
-3.764175533656212713e-01
-3.277565451144627273e-01
-2.244465924386091493e-01
-5.482132497333846999e-02
3.207869679824050246e-01
7.840554142139123384e-01
9.729259841829154265e-01
9.215794126239681416e-01
8.465087523995545871e-01
7.896221558239827631e-01
6.753953124930537344e-01
5.380091820992088936e-01
3.488520932069759106e-01
3.720080848319039929e-02
-7.317729972488458134e-01
-1.176491253939310644e+00
-1.174274983225363167e+00
-1.137280613516239658e+00
-1.087125317894900745e+00
-1.037478059785740259e+00
-1.017462086015444855e+00
-9.892263047359393102e-01
-9.308308750997362768e-01
-8.793655308701864293e-01
-8.663106860207194782e-01
-7.914383494631523908e-01
-7.522968863905531434e-01
-6.565545204443793414e-01
-5.677821501141576688e-01
-4.664712980733285996e-01
-4.210619970473643559e-01
-3.275917291894135386e-01
-2.195602154459900257e-01
-1.126114153975176779e-01
1.058141855576894969e-01
4.278934644637676366e-01
7.379278058545790664e-01
8.856255657821175964e-01
8.810684682673587398e-01
8.490862316734241189e-01
6.837864238033671826e-01
4.953928317753008570e-01
3.442458743181510128e-01
1.319829874047431240e-01
-3.238965546121065353e-01
-9.351376183518855800e-01
-1.132518634210638364e+00
-1.155164792857588107e+00
-1.143545912848440871e+00
-1.147068024914319917e+00
-1.121195488987689837e+00
-1.052068344316658077e+00
-1.012650608927087914e+00
-9.839112478790028593e-01
-1.017969036383776782e+00
-9.696330437992473072e-01
-8.799266016977708160e-01
-8.402210814903681158e-01
-7.982962800557740213e-01
-7.989331101082279840e-01
-7.995759351297924145e-01
-8.146223214321610673e-01
-7.995858185652280348e-01
-7.699015739454441176e-01
-7.844349683085103386e-01
-8.280469590017429660e-01
-8.137773129625149870e-01
-8.198019327148721169e-01
-8.603330949392864468e-01
-9.002473956050489612e-01
-8.775315653786096570e-01
-8.366355699282739256e-01
-7.985516604627428405e-01
-7.262919305546527982e-01
-6.895541001586422691e-01
-7.338328997779176577e-01
-7.359838118875281499e-01
-7.287071148918836672e-01
-7.383092118713121543e-01
-7.187397334704923590e-01
-7.556704374261223878e-01
-7.783841060480721774e-01
-8.318727162728056790e-01
-8.873330156702597948e-01
-9.039877770061300888e-01
-9.478748091719472191e-01
-9.288109899758119070e-01
-8.539608280416312036e-01
-8.292835736378303402e-01
-7.741955493942780375e-01
-6.386488711883316904e-01
-4.934253290101602851e-01
-3.181709352266333113e-01
-1.039773606980655823e-01
2.347211657227561699e-01
7.586419018923219459e-01
9.504753743765972374e-01
9.627503213223428391e-01
8.910204341026566333e-01
8.044317844577690835e-01
7.518426858495782517e-01
7.088555486531888938e-01
5.347647463623619313e-01
2.380977067994715646e-01
-4.510322771227395222e-01
-1.161793047570543802e+00
-1.223644982159316275e+00
-1.193038773030981492e+00
-1.174847802812216013e+00
-1.145162527451958123e+00
-1.093565941245757234e+00
-1.046823296774550327e+00
-1.017142414114880822e+00
-1.016319647179866337e+00
-1.003962013527827546e+00
-9.837451826199929972e-01
-9.731565536873195699e-01
-9.811649310985238737e-01
-1.000522628664330504e+00
-1.027906677948979164e+00
-9.872331165277278275e-01
-9.164324438785148574e-01
-9.076303495600666071e-01
-8.508114361227416822e-01
-8.386802710887755197e-01
-8.665277794225197949e-01
-8.924683852603570999e-01
-8.997008425728726388e-01
-9.426613664880346688e-01
-9.585917020691858692e-01
-9.668744494968193326e-01
-9.256543595398751823e-01
-8.925008046703282183e-01
-9.033149224818721734e-01
-8.816486279039269514e-01
-8.766097118153288736e-01
-9.007536824841917422e-01
-8.846834657387377954e-01
-8.315463054306336810e-01
-8.217428272792074440e-01
-7.896911569507885087e-01
-7.881688326396736333e-01
-8.485291617226958794e-01
-8.276927905147478670e-01
-7.385564283037786559e-01
-6.301939396278121164e-01
-5.430983469629174776e-01
-5.211866547789785198e-01
-4.295787895827652969e-01
-3.366588071980590735e-01
-2.217596536620822512e-01
-7.860246576488207071e-02
1.528298793115852039e-01
5.871694241099733036e-01
9.046065048188275393e-01
9.379533118293038596e-01
8.792724150395803129e-01
7.809529826195377167e-01
5.985536535068929354e-01
2.656291200358275040e-01
-4.432656184496200913e-01
-1.207281485842145008e+00
-1.286829793594534532e+00
-1.261734214624526507e+00
-1.217171629097486107e+00
-1.148494085329337722e+00
-1.124857598219182186e+00
-1.093635391520079159e+00
-1.049128504451968258e+00
-9.485096492678141145e-01
-8.489091676588498281e-01
-7.802617186266701532e-01
-6.864207251907392671e-01
-6.046766441803347325e-01
-5.687377185784748823e-01
-5.059672518372032579e-01
-4.419304524169424542e-01
-3.341913770230805492e-01
-2.080295651400199952e-01
-1.241463087395049819e-02
2.459417609033054397e-01
5.650631991040272473e-01
7.083412730222983233e-01
7.520447952364492927e-01
7.577782967049840890e-01
7.652279716108295604e-01
7.538666557472880614e-01
6.894224755805525851e-01
6.504518278067832338e-01
5.257639395604276622e-01
2.655852617091567502e-01
-2.921163768311714204e-01
-1.001710658179059132e+00
-1.126248926003647233e+00
-1.090772694065161863e+00
-1.057918514106460650e+00
-1.032308892878760487e+00
-9.873714153614109312e-01
-9.839260991373880438e-01
-9.867982316016453703e-01
-9.747317970006883492e-01
-9.293671033231952761e-01
-8.675799032623090490e-01
-7.602424097821627313e-01
-7.179396371191052451e-01
-7.097911748732327331e-01
-7.321854480397562703e-01
-7.300863729693536364e-01
-7.923537780632101679e-01
-8.496830816535766440e-01
-8.879937870353666884e-01
-8.664692873736100642e-01
-8.196919008290914910e-01
-7.516739557715942377e-01
-7.026056470185505498e-01
-6.412138296066935972e-01
-5.686058886634571818e-01
-5.014819215507332339e-01
-4.931497952927317296e-01
-4.841027175523828774e-01
-4.991270900490534790e-01
-4.689960345878412817e-01
-4.224195333692148946e-01
-3.604050782515190177e-01
-3.202930619303322457e-01
-2.905445821121624972e-01
-3.886374867479156503e-01
-6.416276930765040243e-01
-8.223539655863280062e-01
-8.859959299521674714e-01
-9.032083235976725577e-01
-8.947017091535965916e-01
-8.624308688979016591e-01
-8.707371207724342588e-01
-8.837486945666660487e-01
-8.616108272663696166e-01
-8.180295341256124120e-01
-8.253748508307134912e-01
-8.543333855227933649e-01
-8.376835132109319293e-01
-8.031681505744396876e-01
-7.639236662113115806e-01
-7.339453877791233261e-01
-7.869890782156103715e-01
-8.354878109196347546e-01
-8.466500517855004571e-01
-8.629714681850390035e-01
-9.103571217462288478e-01
-9.403615597359522571e-01
-9.323450490477857011e-01
-9.232391579780677704e-01
-8.966032494002236231e-01
-8.979847670675908944e-01
-9.444820863136363931e-01
-9.496981399981760941e-01
-8.882754326353980989e-01
-8.390864734763239241e-01
-8.114987148726405808e-01
-8.365882572668803530e-01
-8.267553684463740948e-01
-7.533116587053836355e-01
-6.856775638753911384e-01
-6.713529822610958542e-01
-6.278404536282141679e-01
-5.905747796517947235e-01
-6.153868207722812400e-01
-6.213488434174091468e-01
-6.309376477632847591e-01
-7.071283642821524218e-01
-8.310900356644796982e-01
-8.706160271593352817e-01
-8.935516952643078881e-01
-8.770739581668288709e-01
-8.884560887222016090e-01
-8.894490989131326186e-01
-9.149802121322186954e-01
-9.339353702543055080e-01
-9.667427774042532951e-01
-9.542820663228007705e-01
-8.862731071055052201e-01
-8.344870164873440244e-01
-7.820692257744087383e-01
-7.514221911404073140e-01
-7.714386849985038763e-01
-7.852736697963154100e-01
-7.851396729774761107e-01
-7.515914184153306143e-01
-6.936977002869351150e-01
-6.622451542380241030e-01
-6.941814897307984067e-01
-6.800553647245692890e-01
-6.173338042701702610e-01
-6.829486979825343251e-01
-7.706557942065763722e-01
-8.201564470809410423e-01
-8.407407842008339793e-01
-8.280184014980261908e-01
-8.019919473247281161e-01
-8.383051119307016741e-01
-9.077510722001044252e-01
-9.105121450410920136e-01
-8.496686556926709155e-01
-8.152142777215916070e-01
-7.506576716706656605e-01
-7.184594215445659904e-01
-7.152339006973851276e-01
-6.784376902497951667e-01
-6.183149014085703721e-01
-6.575177491861711188e-01
-7.717880178456131279e-01
-8.552357345509449260e-01
-9.118485719263772493e-01
-9.345495147125613133e-01
-9.687802378542754722e-01
-1.015664099525388941e+00
-1.016834499972042227e+00
-9.790436031296845254e-01
-9.614448586639637861e-01
-9.372109200213326607e-01
-8.888960171426124601e-01
-8.317050071138717415e-01
-8.515950789107631369e-01
-8.726041348532017627e-01
-8.548742776938983434e-01
-8.534200108820048092e-01
-8.854070424022186803e-01
-8.918147589013036836e-01
-9.156796604884377411e-01
-9.049081415476084578e-01
-8.845453754871602792e-01
-8.425842481331136113e-01
-8.216658590121318495e-01
-8.563871233764304147e-01
-8.428911208375402531e-01
-8.111969242636870581e-01
-7.988177956645547972e-01
-7.556246137096613857e-01
-7.755275953621630913e-01
-8.064199776093404770e-01
-7.967338946542330547e-01
-7.679019390944824552e-01
-7.758639245661617112e-01
-7.585637321590263937e-01
-7.495749687245872872e-01
-8.331836272228280160e-01
-8.615413975958731152e-01
-8.197398731694721663e-01
-8.266979871267855495e-01
-8.472608934543750525e-01
-8.664096332907478271e-01
-8.148334338859331005e-01
-6.894871994205824528e-01
-5.678907895283944463e-01
-4.681679112043797830e-01
-2.565957813761672313e-01
-4.300613462393817338e-02
3.246579026679922708e-01
7.347794238848452952e-01
9.272007600667971916e-01
9.181356313627994092e-01
8.706601108843530223e-01
8.007411762491744023e-01
7.082391697925765062e-01
5.514813987738845791e-01
2.842621040297169110e-01
-2.452375007998532641e-01
-1.078155914164747209e+00
-1.237545326333038265e+00
-1.209744297937693558e+00
-1.158362109939810258e+00
-1.121944447512812637e+00
-1.111467156134269496e+00
-1.129223939012496070e+00
-1.123310763664264522e+00
-1.101570573816570198e+00
-1.063316624947600264e+00
-1.022770606796755244e+00
-9.968916463668544559e-01
-9.353755620318495723e-01
-9.146589545660760434e-01
-8.849172818159036780e-01
-8.889856099448883997e-01
-9.002082820501235982e-01
-8.875399540711020885e-01
-8.850014297283490539e-01
-8.762822319263937620e-01
-8.543818044586856120e-01
-8.353740131470411834e-01
-8.226648427965909116e-01
-7.404281601503218679e-01
-6.937102311040723723e-01
-6.289488490511606633e-01
-5.001631678094500266e-01
-2.832422096745373374e-01
8.891111543334449807e-02
7.679763183657054570e-01
1.077970484458792066e+00
1.091508539086983420e+00
1.001984541633789361e+00
8.978259533571593121e-01
7.712424763214804635e-01
5.600795098049757836e-01
2.758290305653079977e-01
-2.716946407323266865e-01
-9.901705501654539665e-01
-1.137696669429579366e+00
-1.128739936270696465e+00
-1.072016851082536304e+00
-9.813106952254566639e-01
-9.878528913466009254e-01
-9.973545066790485691e-01
-9.870032749803797634e-01
-1.006980687370653049e+00
-9.720950254476772301e-01
-9.475184392015796320e-01
-9.093036671084819833e-01
-9.032572265851460669e-01
-8.810271555545864386e-01
-8.711404381939340524e-01
-8.893221693558841512e-01
-8.852729443572954215e-01
-8.375216592711162145e-01
-7.532201435376693066e-01
-6.821109563693489308e-01
-6.635683433798911235e-01
-7.137873563901002694e-01
-8.292394136521811232e-01
-8.895259568633571146e-01
-8.726829208215394207e-01
-8.175703009680796995e-01
-7.697772804322453588e-01
-7.192341769580506972e-01
-6.524115594425462517e-01
-5.199514399359435046e-01
-3.868013782957895885e-01
-3.765919362545784299e-01
-5.177316275409954427e-01
-7.227978589464976178e-01
-8.322923804715688378e-01
-8.476641307052025232e-01
-8.507507254329040869e-01
-8.659841758891059227e-01
-8.529862626442846762e-01
-8.135479054917588160e-01
-7.836865839984250570e-01
-7.224889800585314603e-01
-7.290956454383304974e-01
-8.075506777223324661e-01
-8.165243472406488179e-01
-8.628665958534598168e-01
-8.109798960439387194e-01
-8.075180886502537625e-01
-7.434300625295142684e-01
-6.648088984631029819e-01
-7.328305302347265515e-01
-8.423789186198070711e-01
-8.979282448793329818e-01
-8.856768184779735265e-01
-8.710723683035979104e-01
-8.863172726026179449e-01
-8.539391508062894598e-01
-7.998178949030826379e-01
-7.641833210126921516e-01
-7.305871375428351078e-01
-7.474124913128181724e-01
-7.969949385428301003e-01
-7.988046736810159310e-01
-7.633277832221878612e-01
-7.641981649549193234e-01
-8.454510810867237325e-01
-8.499891887642460064e-01
-8.220518480890433022e-01
-8.511479127956889101e-01
-8.845938232487627895e-01
-8.267052154438847555e-01
-7.099584459583377916e-01
-6.638964120398019864e-01
-6.699040006818425264e-01
-6.595474984655115280e-01
-6.865524732583487832e-01
-7.424918941365549196e-01
-7.876326967383801003e-01
-8.278719153664414465e-01
-7.791094710545732882e-01
-7.991330808022173438e-01
-7.788129526609679498e-01
-7.957690096011122982e-01
-8.342384776775011446e-01
-8.194218625620742769e-01
-7.457598531477001025e-01
-7.015926647360364310e-01
-7.120394257187641074e-01
-6.949820209705822593e-01
-6.919555625782863872e-01
-6.572249804460166267e-01
-6.583322916093907740e-01
-6.990515989929162455e-01
-7.230531929109274003e-01
-7.839418672869061799e-01
-7.433936066702945267e-01
-6.548365351852910576e-01
-6.181986014504097238e-01
-5.935455390133426157e-01
-6.029288759009199250e-01
-6.397784871173086696e-01
-6.456999563100577211e-01
-6.472022351428798892e-01
-6.865491384180327783e-01
-7.063952990037938307e-01
-7.828886810824999820e-01
-8.527305540875729228e-01
-9.214285073285778394e-01
-9.349673752331085774e-01
-9.252410848219165818e-01
-9.079411477901746519e-01
-8.910403474361359155e-01
-9.017042407864074294e-01
-8.561057240238387767e-01
-8.836566145529651806e-01
-8.898170047416409378e-01
-8.818561204034300882e-01
-8.606138525774481574e-01
-8.160817153754523767e-01
-7.724366614071148662e-01
-7.380635951784816351e-01
-6.832561461909288925e-01
-6.159613868392143088e-01
-5.730973665251589688e-01
-5.783238987966867750e-01
-5.113082898532510523e-01
-5.523808243297395615e-01
-5.944811325375041200e-01
-7.419609447424266868e-01
-7.990475960616060247e-01
-7.974369014944115985e-01
-8.419843358683316570e-01
-8.061175217782742264e-01
-8.197628889170923694e-01
-8.478127728058050261e-01
-8.373107176868899160e-01
-8.528847899860989568e-01
-8.533551005510221499e-01
-8.998544652751633288e-01
-9.268127045380790685e-01
-8.467457063798584649e-01
-7.303802167046149485e-01
-6.581519295344959719e-01
-5.902789575185333204e-01
-3.654168512285929094e-01
-6.362152931275612266e-02
4.534825433170961428e-01
9.585597711219805417e-01
1.063763369956917781e+00
1.035842251081087406e+00
9.456288105188632720e-01
8.808187640322993062e-01
7.872667724825506141e-01
7.779704203237760574e-01
7.261925786838578922e-01
6.267790238267537672e-01
5.001797632643123492e-01
4.551424169504257877e-01
4.994277471037502636e-01
5.798599054678673648e-01
6.109474312546363528e-01
6.099479969936565382e-01
5.345535788998889704e-01
4.021928143423071922e-01
1.982908848797206858e-01
-2.948339505237492220e-01
-9.690975083753371466e-01
-1.168496211295971143e+00
-1.124736027464520172e+00
-1.071317229801840742e+00
-1.020981582718688774e+00
-9.993735008877510095e-01
-1.013583894312307665e+00
-1.000276533297939530e+00
-9.660406271895916053e-01
-9.105263743588860592e-01
-8.600918519582891886e-01
-7.887053111713321352e-01
-6.670041910478378133e-01
-5.290709574957022099e-01
-4.262368053116451505e-01
-4.365722110697686231e-01
-4.711663890058474524e-01
-4.639128990120683360e-01
-4.304056812048190905e-01
-2.955746125010152436e-01
1.229141056319157585e-02
4.855475082217357019e-01
9.203448104475205893e-01
1.007742870626893161e+00
9.643961338060039745e-01
8.770473249575887476e-01
7.513530440148589173e-01
5.826324159093150268e-01
2.979076606451420139e-01
-3.287243263975963004e-01
-1.107572622930846240e+00
-1.238571578915774074e+00
-1.219646798556371481e+00
-1.210284576410002977e+00
-1.184779504661379823e+00
-1.177152119301141386e+00
-1.142640665417936630e+00
-1.101343351273811777e+00
-1.091533994039165734e+00
-1.074830129225903708e+00
-1.045915241148364982e+00
-1.020667367747325471e+00
-9.989309927270947354e-01
-9.351789098422457203e-01
-9.157496700444508475e-01
-9.260519800482656105e-01
-9.278968379358941698e-01
-9.339982595159360690e-01
-8.998629332640576406e-01
-8.831215329431999495e-01
-8.695311635700629926e-01
-8.188088785142915160e-01
-7.476289329519607563e-01
-6.912691905523451474e-01
-6.309818135810573159e-01
-5.736884865968455705e-01
-5.155475803762813447e-01
-5.246625060739191770e-01
-6.438374590173761014e-01
-7.297659496183855898e-01
-7.234293764912375080e-01
-7.161378906333647487e-01
-7.178002007136938811e-01
-7.476167496172347882e-01
-7.671302759232702106e-01
-8.081486351049764760e-01
-8.413083137918967447e-01
-8.466173620320903703e-01
-8.079732510615437180e-01
-8.397352213236893848e-01
-8.290306000825765631e-01
-8.053264282268781660e-01
-7.805236879169921149e-01
-7.699601097179319398e-01
-8.020913817145109981e-01
-8.104521558481454502e-01
-7.729896965771201334e-01
-7.316554796140276595e-01
-6.669631622733115384e-01
-6.891262380323147640e-01
-8.154307774743168036e-01
-8.875225416177626725e-01
-9.143975418377392472e-01
-9.329910724876514516e-01
-9.752363441927840437e-01
-9.328372287614978831e-01
-8.988375561603813013e-01
-9.065245123637992730e-01
-9.013905566163126215e-01
-9.208370850355178661e-01
-8.682793060196608570e-01
-8.146820538875273465e-01
-7.230870950773856665e-01
-6.629868181742045730e-01
-5.884170696012096524e-01
-4.563771708757328738e-01
-2.491689205317087208e-01
2.633761864727353075e-01
9.852750992049337242e-01
1.132802896389849101e+00
1.075816285272892303e+00
9.710155768047039615e-01
8.356444476217947948e-01
6.784577756796724701e-01
4.620425523566023540e-01
-3.166571876000266045e-02
-9.587152486854206845e-01
-1.256599996190071122e+00
-1.241864924769849221e+00
-1.220498342119773039e+00
-1.163263161631167719e+00
-1.163740061663544711e+00
-1.138894995437525370e+00
-1.130309820444595159e+00
-1.113221611200776895e+00
-1.061466037428533404e+00
-1.077896922568369664e+00
-1.086075211356996029e+00
-1.068318129894330504e+00
-1.054359772726460198e+00
-1.021526962365369995e+00
-9.655965579418570588e-01
-8.756344608099523308e-01
-8.522562734479377511e-01
-8.478033814230883092e-01
-7.582628587739529413e-01
-5.806164885917350915e-01
-3.839553563419761950e-01
-1.146230341747347253e-01
3.299236825458317091e-01
8.698496844466772071e-01
1.030361196378169142e+00
9.838763501920407828e-01
9.236375106787942935e-01
8.618575080720650705e-01
7.606083614817136240e-01
6.519337375037200788e-01
5.273508862049224311e-01
3.875619465361650473e-01
-5.069064618886845452e-02
-9.638118259283436906e-01
-1.247728659773825743e+00
-1.225526456388838614e+00
-1.180833511262259217e+00
-1.139476516041857623e+00
-1.096918660634342846e+00
-1.069808226387221950e+00
-1.034898705920957784e+00
-9.895517423541280166e-01
-9.462039737340894874e-01
-9.317071639943227401e-01
-9.500873703832394268e-01
-9.291907769976711640e-01
-9.110491115275970442e-01
-8.948444151720896800e-01
-8.709485132709755550e-01
-9.258424428473760459e-01
-9.257278485535022083e-01
-8.746666847979668313e-01
-7.803885315190141059e-01
-7.254683367948960848e-01
-6.661512863227614378e-01
-6.169207842928762231e-01
-5.533903969760485264e-01
-3.991250787408788248e-01
-2.063830959969369661e-01
1.230370230074372129e-01
6.526246100153757501e-01
9.681880932578755816e-01
9.414753944523929219e-01
8.982727920320162651e-01
8.521257792160820133e-01
7.699747587907552759e-01
5.977338513585170876e-01
3.309923654403436055e-01
-4.441806146928073407e-02
-7.866905241135296878e-01
-1.171959585949752913e+00
-1.151020654800096965e+00
-1.146261720527832484e+00
-1.086547359837691129e+00
-1.071036372597362174e+00
-1.018611142016223381e+00
-1.022777563052472694e+00
-9.921981395089548572e-01
-9.762075094871802694e-01
-9.283956572465791313e-01
-8.835575104608124342e-01
-8.973202013814080003e-01
-9.303046610097105429e-01
-9.578755316347853377e-01
-9.397439574918531324e-01
-9.264767217836601398e-01
-9.578405727548018334e-01
-9.305674890197179749e-01
-8.897661514172705566e-01
-8.565719044738530075e-01
-8.514142569156544216e-01
-8.849060633822524169e-01
-8.573944346555602003e-01
-8.066491174775356487e-01
-8.005807941779192749e-01
-8.466728088759932769e-01
-9.283734326898152034e-01
-9.592886445849118093e-01
-9.890705987838632751e-01
-9.994002899779306226e-01
-1.003362008604944400e+00
-1.027433172296561281e+00
-1.015978210434375528e+00
-9.736204785341667778e-01
-9.322979438233570670e-01
-8.662903135688103662e-01
-8.036415417597220223e-01
-8.316064309318460523e-01
-8.095710537694205122e-01
-8.108598223329426258e-01
-8.699942286966501070e-01
-8.845452202766930228e-01
-8.683780073010696210e-01
-8.548590422068713668e-01
-8.765358500981935697e-01
-9.129880575921367480e-01
-9.389894896598229845e-01
-8.812212142244282287e-01
-8.474513284834783722e-01
-8.195274964921288596e-01
-7.983091626525153917e-01
-8.173709353063285388e-01
-8.380625912438507408e-01
-8.613871667499819473e-01
-8.069024429148273780e-01
-7.257710963568410056e-01
-6.273129220008135665e-01
-5.540729460035109799e-01
-5.543300243131642491e-01
-6.261052308701843261e-01
-5.834496413016937444e-01
-5.168779839757985384e-01
-4.084668442593527571e-01
-2.832834859725799626e-01
-1.673345945304952342e-01
1.294500524691319897e-02
2.630832420838716268e-01
6.348623833021181939e-01
7.968626344313057830e-01
8.322251881192958001e-01
8.080617213810971089e-01
6.663379759663423663e-01
5.411516590532192694e-01
3.786180950644812415e-01
-1.494407791400055585e-01
-1.095427188921767270e+00
-1.252461714776555768e+00
-1.230768693571604677e+00
-1.217600256390473090e+00
-1.182636730156472415e+00
-1.152000875671115976e+00
-1.098835735340616404e+00
-1.059461819502150348e+00
-1.024874121133282356e+00
-9.815569636945276066e-01
-9.764909903496270527e-01
-9.513505693354149528e-01
-9.119766498201197225e-01
-8.997890055671040610e-01
-9.316790974940241110e-01
-8.857175076824024273e-01
-8.567612458592361868e-01
-8.592838213354803134e-01
-7.999311462231567527e-01
-7.439931999093417625e-01
-6.647019283626124375e-01
-5.692640898145202577e-01
-4.288442470375828375e-01
-2.652495948229857681e-01
2.270067248493270670e-02
4.003285282483215468e-01
7.070978932869242950e-01
8.603220003108158487e-01
8.200484040686403242e-01
6.918678849931112484e-01
4.476334767264967263e-01
-4.661731267551273011e-02
-9.094753368656572912e-01
-1.237261035284423105e+00
-1.195637022029987007e+00
-1.154195078931704144e+00
-1.099066283890977269e+00
-1.069731982122006819e+00
-1.023944095651779129e+00
-9.871147055187636798e-01
-1.005621353314465338e+00
-1.018323651987538048e+00
-1.019194628825610183e+00
-1.026258599586269415e+00
-1.005221173249616129e+00
-1.015739972135617508e+00
-1.018054119135233249e+00
-1.002303297681578886e+00
-9.837018787405462650e-01
-9.737540623790351679e-01
-9.384335454203376337e-01
-8.712812001910489323e-01
-8.220233780654012667e-01
-8.189619229251539068e-01
-8.291407242082059481e-01
-8.033670907342183032e-01
-7.155608054309031685e-01
-6.505745359831789365e-01
-6.590695315190201464e-01
-6.760882249273127975e-01
-6.253979161842797563e-01
-5.018992728952690330e-01
-3.324101747512900884e-01
-5.457110067772764223e-03
4.265948701813127020e-01
8.598011735543064082e-01
9.728991428177024003e-01
8.637291675217682041e-01
7.539422701900243551e-01
6.320581218156318126e-01
4.342777253580032415e-01
1.356636867670256985e-01
-5.454110416906766678e-01
-1.184196643323410569e+00
-1.241856391257878389e+00
-1.246114086256008724e+00
-1.219960704284215325e+00
-1.162914743960156372e+00
-1.131099349833643020e+00
-1.103829385359757831e+00
-1.046385243181537028e+00
-1.003705110898513109e+00
-1.001881391009366906e+00
-1.040536312760849569e+00
-1.060878315472682631e+00
-1.060298434853733207e+00
-1.019731055126514851e+00
-9.717972159921146602e-01
-9.572207437384646633e-01
-9.443365163969116294e-01
-9.167812682656862888e-01
-8.725027115218251250e-01
-8.180065007491639228e-01
-8.052541681256411010e-01
-8.355889454614614520e-01
-8.427547171319028640e-01
-8.448341488503949837e-01
-7.964576127403838468e-01
-7.138800792565062059e-01
-6.458183307540822371e-01
-6.550514118259636032e-01
-6.709658221053815819e-01
-7.422150005310501619e-01
-8.348192606643749514e-01
-8.796251234963939902e-01
-8.812050606749671777e-01
-8.247871496099649091e-01
-8.109681070528166336e-01
-7.987669338526220963e-01
-8.154428416704233573e-01
-8.161550488866461395e-01
-8.566091351379471197e-01
-9.039396629488074542e-01
-8.870914604447841523e-01
-8.545341510182815625e-01
-8.017515300272880507e-01
-7.155818159143884083e-01
-6.555704951324194951e-01
-6.445097299640581978e-01
-6.037218628981033675e-01
-5.230629387845838751e-01
-3.993634658035981611e-01
-3.359811134384155240e-01
-3.328126096863399663e-01
-3.411161800156545243e-01
-2.574811542810258036e-01
-1.911221138965968347e-01
-2.352519547050432314e-01
-4.424685513134479775e-01
-7.192776592486458398e-01
-8.091724095652256254e-01
-7.950541629756937567e-01
-7.449220544691241841e-01
-7.652167639756894957e-01
-7.934376604799947552e-01
-7.520847202403684317e-01
-7.151404583552463112e-01
-7.785817729406082632e-01
-8.413736978974485359e-01
-9.242171315011880051e-01
-9.540875323958651899e-01
-9.459639626683969960e-01
-9.217109357862043328e-01
-8.668713998859978176e-01
-8.598205075949220122e-01
-8.358447228829924969e-01
-8.469804486605019278e-01
-8.153962410793783588e-01
-7.870721857607601013e-01
-7.110745525807942169e-01
-7.066279523480113456e-01
-7.796584269490258734e-01
-8.056101098725247933e-01
-8.144438468683501409e-01
-7.912617350557863416e-01
-7.336541586593969821e-01
-7.126205706813905083e-01
-7.279551917784097270e-01
-7.644094998327428669e-01
-7.666116268978209192e-01
-7.659520480177159918e-01
-7.668069995193156352e-01
-8.152801415708000876e-01
-8.266983957576962139e-01
-8.135264467399820898e-01
-8.485932760302987710e-01
-9.064637540294190332e-01
-8.996854433139221952e-01
-8.311327724049717425e-01
-6.811949410986867237e-01
-4.510218837143809001e-01
-7.212893588390228983e-02
5.707698657653709207e-01
1.036921216681145674e+00
1.067671574654574407e+00
9.932788787302972988e-01
9.415627502115172520e-01
8.903948759027278115e-01
8.225028372930625054e-01
7.330206277232982348e-01
5.968224917141891073e-01
4.141583205670494316e-01
-5.636310902698291048e-02
-9.142133261068863259e-01
-1.221883158401481762e+00
-1.213365416485564729e+00
-1.198686845065240147e+00
-1.158553813876939120e+00
-1.118965715218498191e+00
-1.109965905613866877e+00
-1.116291381653617520e+00
-1.096123131474365131e+00
-1.058781817505307865e+00
-1.063891354765518438e+00
-1.015021754455344150e+00
-1.006592591152822402e+00
-9.486172334268192508e-01
-9.232418348224651350e-01
-9.482277934640365169e-01
-9.507789164584105057e-01
-8.801330923011190244e-01
-8.172303143734986897e-01
-8.057481593177854284e-01
-7.881977093779417576e-01
-8.034532953186169779e-01
-7.821901139123600410e-01
-7.782610171715426128e-01
-7.670269900308972488e-01
-7.742676661608293154e-01
-7.739997593576533053e-01
-8.062223786521168778e-01
-7.986988076796519564e-01
-7.716247944804537351e-01
-8.378413385396648039e-01
-8.457158209909180213e-01
-8.887496694611632941e-01
-8.536368054413923101e-01
-8.049048063648133189e-01
-8.113926526081842727e-01
-7.722199580971164101e-01
-8.047314454116528681e-01
-7.644576109480349935e-01
-7.360235452960103286e-01
-7.067820265473968577e-01
-7.224158953319711474e-01
-7.387374864223678061e-01
-7.451490734500497704e-01
-7.180836395606967626e-01
-6.719133938812617002e-01
-6.819646713758974466e-01
-6.770760094777904525e-01
-5.741104053264596274e-01
-4.405549525660666377e-01
-3.789016955237393680e-01
-3.559539427855055727e-01
-4.045514378094405838e-01
-4.634615936089734878e-01
-6.148525126397887952e-01
-7.637125698145298403e-01
-8.379526729451145517e-01
-8.436317473009677936e-01
-8.023540635926161846e-01
-7.499013139656646176e-01
-7.338711707280151098e-01
-6.366536341180144554e-01
-5.300569257954049762e-01
-5.332178261334141744e-01
-6.037414212788225765e-01
-6.539635741632617849e-01
-6.950912652436436190e-01
-6.300756207609308213e-01
-5.593654233788004637e-01
-5.462224694534194569e-01
-4.971780398899558473e-01
-4.352278363704665809e-01
-5.153098830739470948e-01
-6.680566044948298421e-01
-8.138884694889627625e-01
-9.112651340305009118e-01
-9.493113391778079668e-01
-9.126745797351475398e-01
-8.999898109684251191e-01
-8.662963093911729695e-01
-8.729826732229647446e-01
-8.405500011934534665e-01
-8.290319949238698083e-01
-8.117718782507987729e-01
-7.926244261531303348e-01
-7.909642581042929388e-01
-8.084231261520405942e-01
-7.923653355077465710e-01
-7.718611053221063889e-01
-7.784226182607156819e-01
-7.989375399574994985e-01
-7.692983871572079968e-01
-7.816724855982738474e-01
-7.449423886500474712e-01
-7.089290414071708346e-01
-6.319775592157357291e-01
-5.653029194362135801e-01
-4.687528886402100858e-01
-3.933635948747810085e-01
-1.985242007235766271e-01
1.231173074172220439e-01
6.938915740312088243e-01
1.054944056653823292e+00
1.090622249292418244e+00
1.025953960046746660e+00
9.347782073130623814e-01
8.246703654839913078e-01
6.815660429552616861e-01
4.981563752780662768e-01
3.495842008774301402e-01
3.127970319586613479e-02
-6.773940147379202692e-01
-1.167001397214817660e+00
-1.193728941111588338e+00
-1.198659852291366512e+00
-1.173017446300020028e+00
-1.168288762391596736e+00
-1.129191191904590497e+00
-1.108624069314693150e+00
-1.090043199964068288e+00
-1.096944647399554551e+00
-1.049588307094092343e+00
-1.020570203686280042e+00
-9.863368674193401242e-01
-9.383700419664176007e-01
-9.084648807185716768e-01
-8.726223967322738195e-01
-8.605899681735664775e-01
-8.716302806086344557e-01
-8.992219760392305972e-01
-9.357516187887090497e-01
-9.081826913291631831e-01
-8.583340175402536243e-01
-7.989568766424360868e-01
-6.789568602917830376e-01
-4.914998662282213382e-01
-4.259808701746230497e-01
-4.460772200270646248e-01
-5.830428057410494969e-01
-7.741987753165247010e-01
-8.807736042010719801e-01
-9.039216891868163684e-01
-9.061463881154412370e-01
-8.754747780964200476e-01
-8.399860256602202924e-01
-8.045353172223594918e-01
-7.753273581833858286e-01
-7.348870687963668935e-01
-6.780525177289656868e-01
-6.856765517796379328e-01
-7.254786587600943193e-01
-7.307868053249056972e-01
-7.471309540435890906e-01
-7.893251533026173217e-01
-7.926893694731811379e-01
-7.593773073517924299e-01
-7.374974234060802658e-01
-7.074494950291418949e-01
-6.616775117963701325e-01
-6.486589743358018856e-01
-6.292413448704849976e-01
-5.153335491946161584e-01
-4.002134155576555496e-01
-1.586845781264664690e-01
3.285751377959504338e-01
8.678186898578352793e-01
1.001041189013709198e+00
8.965226919729603061e-01
7.882670087043653906e-01
6.658076126745819945e-01
5.305986802361899457e-01
2.902875542491486494e-01
-2.755723728884995061e-01
-1.043159358145771654e+00
-1.193314479117377980e+00
-1.155320581342359709e+00
-1.052266400880973896e+00
-1.011618066624091483e+00
-9.692359825790207717e-01
-9.370850616238335373e-01
-9.365987293027896454e-01
-9.203303170992356286e-01
-8.271196363574601085e-01
-8.612841866738545349e-01
-8.916914732990155468e-01
-9.052687729829147489e-01
-9.909671000700436272e-01
-1.009412864761263018e+00
-9.190943647058615884e-01
-8.592730649660070830e-01
-8.312509154511515952e-01
-7.614889424125689255e-01
-6.904914736725996649e-01
-6.444473275753418440e-01
-5.946135996115565758e-01
-5.220585589206241384e-01
-4.267682922097935094e-01
-3.010229536302195807e-01
-1.156969629365496854e-01
1.486134009059396355e-01
5.109453447763037115e-01
6.845317907326351481e-01
6.475064883070537070e-01
5.886251927136245676e-01
5.152028400261717822e-01
3.513077194194973996e-01
1.264706634921526351e-01
-3.502562474161622363e-01
-9.674258611096950844e-01
-1.116350797971115583e+00
-1.071030985845153216e+00
-1.004299027333712679e+00
-9.803910585646421483e-01
-9.589028798456956659e-01
-9.523749423450340590e-01
-9.048879697464278227e-01
-9.226892159594624054e-01
-9.637251173533288862e-01
-9.652089483360961619e-01
-9.755118703051869344e-01
-8.977784079488920765e-01
-7.969899837626787109e-01
-7.456427783763968087e-01
-6.972797008188945656e-01
-7.040749910136787637e-01
-6.975559106965720790e-01
-6.300771236011177834e-01
-5.535824392727841659e-01
-5.002581134959089848e-01
-4.522254361348345131e-01
-4.742906530317594349e-01
-5.492360975286532110e-01
-6.908952530010343818e-01
-8.292475459286520190e-01
-8.211494781100607820e-01
-7.741859578919533247e-01
-7.912681134417864914e-01
-7.789357086163837263e-01
-7.787214135062305864e-01
-6.649485508414001433e-01
-5.728643233630588139e-01
-4.926484028489976907e-01
-4.203219016319250656e-01
-3.785627751559299536e-01
-2.861747073743287628e-01
-2.954210587691338818e-01
-3.450656916450091094e-01
-5.458259882256575324e-01
-7.737663001371354321e-01
-8.838415620620917457e-01
-9.012345395836482975e-01
-8.819265543842808031e-01
-9.100629547102110362e-01
-8.814887012810262990e-01
-8.392802064475886059e-01
-8.414506856441384963e-01
-7.852687124326713786e-01
-7.520942179502099201e-01
-7.169837504533178585e-01
-6.961300290372046673e-01
-7.431717172372077629e-01
-8.647368776018933278e-01
-9.514480373423190862e-01
-9.693920967885609752e-01
-9.950828023367355168e-01
-1.024592575400051331e+00
-1.023738606794483808e+00
-9.829294756049308246e-01
-9.803634596968595627e-01
-9.561759546475373517e-01
-9.087419620290717592e-01
-9.082427347923467398e-01
-8.628591453547584944e-01
-8.897073188298106894e-01
-9.114430594524295381e-01
-8.867418600387851901e-01
-8.878083405428032204e-01
-9.189003310309555861e-01
-9.018311822227701446e-01
-8.634398522094826056e-01
-8.065799614393647232e-01
-7.748496767981276623e-01
-7.439265914847081884e-01
-7.622869001230452302e-01
-7.543883370722938020e-01
-7.217675519310347010e-01
-6.445672812900706816e-01
-5.868890165296191119e-01
-5.347480179068816453e-01
-4.942820356391155467e-01
-4.805652700111713860e-01
-4.721092328339343003e-01
-5.414673365960982476e-01
-6.271093467991976089e-01
-7.798249113872383065e-01
-9.052198384076457494e-01
-9.569055253406095751e-01
-9.172242718973167008e-01
-9.448363889263340365e-01
-9.504794600206728505e-01
-9.556523103129884733e-01
-9.129079694695494407e-01
-8.836865645096702027e-01
-8.853517925811325018e-01
-8.877092129684952537e-01
-8.848510267454078315e-01
-8.662062255452993575e-01
-8.323851841664734463e-01
-7.755138573616723319e-01
-7.786058747959689885e-01
-8.454316409422059087e-01
-8.906614965932863059e-01
-8.837055357235141795e-01
-8.833377015420222911e-01
-8.587029504600869334e-01
-8.614894578321399266e-01
-8.895623597224305845e-01
-9.327306971067076402e-01
-9.270614034625027644e-01
-9.147559302986880692e-01
-9.155051306044356130e-01
-9.194676439690280256e-01
-8.619781987038417359e-01
-8.924841112487422734e-01
-8.752534037748490592e-01
-8.989595633179096046e-01
-9.138135822847223144e-01
-9.229000464892438416e-01
-9.070840300567567516e-01
-9.073600759638043023e-01
-8.943020992854229245e-01
-8.983848745953958437e-01
-8.741156019478263373e-01
-8.218556225135646987e-01
-8.083774350421093491e-01
-7.617501792746395051e-01
-7.140043641100712879e-01
-6.667582215588356842e-01
-6.866801719222989098e-01
-6.848713743690529876e-01
-6.895679789046973429e-01
-6.376167213549014390e-01
-6.039977791221057268e-01
-6.413152543818413376e-01
-6.853899712096829244e-01
-7.004103653351132497e-01
-6.837854211398161075e-01
-6.934977516627066629e-01
-7.206574054608743118e-01
-7.492289469281365744e-01
-8.175286826283150177e-01
-8.177222281674876303e-01
-8.141913205695824329e-01
-8.077869813032287905e-01
-8.576394148903789816e-01
-8.533070154835471488e-01
-8.195196996486550090e-01
-7.844680334196011406e-01
-7.800449351843697920e-01
-7.661289431391442584e-01
-7.594928338487717534e-01
-6.995215275046521297e-01
-5.937565932466335461e-01
-5.549485510280601774e-01
-5.300323920777275655e-01
-4.780491732437749941e-01
-4.813483762715207170e-01
-4.782500637434753399e-01
-5.055520302098245322e-01
-6.344988344256329293e-01
-6.819117373767035195e-01
-6.931558337470803410e-01
-6.969283081898308696e-01
-7.089702476960356714e-01
-6.885925112739342824e-01
-6.639922836419297481e-01
-6.946913296689393169e-01
-7.869003750333288805e-01
-8.165392055207950639e-01
-7.789793443209385160e-01
-7.823235511921694529e-01
-8.357139973401281896e-01
-8.746538000310796201e-01
-9.125050326762117470e-01
-9.186081962349014196e-01
-9.256526784327548940e-01
-9.456415978638023079e-01
-9.231606311695528255e-01
-9.205246747242424865e-01
-9.239524908346744558e-01
-9.031896934260138510e-01
-8.684346761422427896e-01
-8.134658717096380220e-01
-7.792625258734867666e-01
-7.455167175683548031e-01
-7.440741140621034422e-01
-7.429745052761159707e-01
-7.481873670008440946e-01
-7.534579628181764521e-01
-8.068335316139314539e-01
-8.113723336525897611e-01
-7.429436221329236423e-01
-7.488576006638107962e-01
-7.973740447344186411e-01
-8.020274504016851047e-01
-8.051578833350437892e-01
-7.838776128620562611e-01
-6.874631860975173314e-01
-6.408028534587630887e-01
-5.415412265906051070e-01
-4.948595274935320143e-01
-4.097521380320559015e-01
-3.497139821139165772e-01
-4.105195770205054551e-01
-5.815074472777582715e-01
-7.326884617918572040e-01
-8.114899066931676730e-01
-8.399539566441771576e-01
-8.698247856909702147e-01
-8.878245291219426516e-01
-8.652079894821067541e-01
-8.450427115330945149e-01
-8.109987955200855803e-01
-8.231225674775985990e-01
-8.735162376353710068e-01
-8.960498267031175024e-01
-9.161895750554758244e-01
-8.891814055088331781e-01
-8.105895285637976233e-01
-7.230820610857507935e-01
-6.466725121198153570e-01
-5.546124604641390343e-01
-5.388848881734247254e-01
-6.055903415499563902e-01
-7.113202177119684055e-01
-8.050602759261201724e-01
-8.203480760866649346e-01
-8.732407959586744317e-01
-9.130285119110477243e-01
-8.655087189848088558e-01
-8.308453332714551554e-01
-8.359367655525864471e-01
-8.676449843790960959e-01
-9.000197495655120061e-01
-9.317410920740949454e-01
-9.366689793824861665e-01
-9.650413874109452506e-01
-9.132388372887082495e-01
-8.782653523524108774e-01
-8.324745559039601339e-01
-7.817359652062720876e-01
-7.391354486959901271e-01
-7.686530432084200948e-01
-7.757439178586890138e-01
-7.831653720637622440e-01
-7.913938082214262426e-01
-8.985783297702887307e-01
-9.318214811463133573e-01
-9.245612285142774667e-01
-8.730109732714979032e-01
-8.644671692235612603e-01
-8.625415139840889589e-01
-8.321926491299939110e-01
-7.919797459448777444e-01
-6.973209743653402404e-01
-4.981828755926403507e-01
-2.348792379292881372e-01
2.152376856139420203e-01
8.807267368526452422e-01
1.070982154196735925e+00
1.013482218845861649e+00
9.357503144939655071e-01
8.329754472260868514e-01
7.041649812482250193e-01
5.645866629380928980e-01
3.926140480921779252e-01
8.621543536573213207e-02
-6.573755313932992950e-01
-1.162110327006757871e+00
-1.169835607596564797e+00
-1.120435428152052104e+00
-1.072479640278171553e+00
-9.966915758235356249e-01
-9.433466988991382474e-01
-9.180755368842790087e-01
-9.037947750664880875e-01
-8.892099799427829465e-01
-8.572487632506675670e-01
-8.444337135248413118e-01
-8.299932012603501441e-01
-8.178710181533992429e-01
-8.027535771183769153e-01
-8.212428437517204083e-01
-7.742282825157917880e-01
-7.826326601562603180e-01
-8.154413586597195618e-01
-8.315115888132071920e-01
-8.214063704375050845e-01
-8.091109504207777414e-01
-7.716233054299084237e-01
-8.232975579200213501e-01
-8.568485790679410963e-01
-8.471073599369884910e-01
-8.261484534722786099e-01
-7.929956580900636709e-01
-7.798376184587041404e-01
-7.322150733292959179e-01
-7.151732675678699191e-01
-7.078938785297366199e-01
-7.432851879163794306e-01
-7.371636785660471425e-01
-7.517179109830580686e-01
-8.129146570640272129e-01
-8.703663786703372818e-01
-9.295694977928666836e-01
-9.195089401272823482e-01
-8.745474151328193058e-01
-7.711495377087211889e-01
-7.120950096097853343e-01
-7.268907818698916445e-01
-8.181090877020263941e-01
-8.573333544219378100e-01
-8.473619763407147509e-01
-8.448146832004191920e-01
-8.661129816099621959e-01
-8.738735218262241311e-01
-7.949728774795511432e-01
-7.276549265998579763e-01
-6.575887010218933737e-01
-5.338337092643894444e-01
-3.661923253213203444e-01
-2.346134029212371686e-01
-1.684937633396815237e-01
-2.235589800628458301e-01
-4.027083492072374704e-01
-6.760887360282267222e-01
-8.986227142754991126e-01
-9.821168187635074265e-01
-9.879482985968192077e-01
-9.656755919845960712e-01
-8.847104658819875400e-01
-7.907472212327095740e-01
-7.993455266017772676e-01
-8.522062252306025210e-01
-8.307336198485418821e-01
-8.463297879671259905e-01
-8.462737051447871695e-01
